Chara
1 
20 
20 
10 
7 
10 
15 
4 
0 
1988 
0 
28 
210 
34 
206 
32 
220 
30 
221 
0 
0 
0 
0 
0 
0 
0 
0 
25 
50 
0 
0 
0 
0 
0 
91 
0 
1 
1 
1 
1 
0 
0 
0 
2 
1 
1 
0 
0 
0 
0 
0 
0 
56 
4 
2482 
0 
1 
0 
0 
1 
1 
1 
1 
1 
1 
2 
0 
0 
0 
0 
0 
0 
3 
0 
5 
1 
-1 
0 
0 
0 
0 
0 
0 
0 
0 
1 
1 
0 
0 
51 
0 
1 
0 
-1 
1 
0 
0 
1 
0 
4 
0 
1 
0 
0 
24 
0 
24 
0 
8 
0 
2 
0 
1 
0 
0 
1 
0 
4 
2 
2 
1 
0 
3 
0 
1 
2 
0 
1 
4 
1 
0 
1 
2 
1 
1 
1 
1 
3 
1 
0 
0 
1 
1 
0 
1 
0 
0 
0 
0 
0 
0 
0 
0 
0 
0 
0 
0 
0 
0 
1 
0 
0 
1 
1 
1 
1 
0 
0 
1 
1 
0 
1 
1 
1 
1 
1 
1 
0 
0 
0 
0 
0 
1 
1 
1 
0 
0 
0 
0 
0 
0 
0 
0 
0 
0 
0 
0 
0 
0 
0 
0 
0 
0 
0 
0 
0 
0 
0 
0 
0 
0 
0 
0 
0 
0 
0 
0 
0 
0 
0 
0 
0 
0 
0 
1 
0 
1 
0 
0 
205 
0 
0 
0 
0 
0 
0 
0 
0 
0 
0 
0 
0 
0 
0 
0 
0 
0 
0 
0 
0 
0 
0 
0 
0 
0 
0 
0 
0 
0 
0 
0 
0 
0 
0 
0 
0 
0 
0 
0 
0 
0 
0 
0 
0 
0 
0 
0 
0 
0 
0 
0 
0 
0 
1 
0 
0 
0 
0 
0 
1 
0 
1 
1 
1 
3 
0 
0 
0 
1 
1 
0 
0 
0 
0 
2 
0 
0 
0 
0 
0 
0 
0 
1 
0 
0 
3 
4 
0 
0 
0 
0 
0 
0 
0 
0 
0 
0 
0 
0 
16 
26 
24 
31 
36 
0 
0 
0 
0 
0 
0 
0 
11 
35 
28 
26 
33 
36 
58 
54 
0 
0 
999 
0 
0 
0 
0 
0 
0 
0 
0 
0 
0 
0 
0 
0 
0 
0 
0 
0 
0 
0 
0 
0 
0 
0 
0 
0 
0 
0 
0 
1500 
1 
20 
2 
2 
1 
4 
7 
0 
0 
0 
0 
0 
0 
0 
0 
0 
0 
0 
2 
0 
0 
0 
0 
0 
0 
0 
0 
0 
0 
0 
0 
0 
0 
0 
1 
0 
0 
5 
0 
1 
0 
0 
0 
0 
0 
0 
0 
0 
0 
0 
0 
0 
0 
0 
0 
0 
0 
0 
0 
0 
0 
2 
1 
1 
1 
1 
0 
0 
1 
0 
0 
0 
2 
0 
1 
0 
0 
0 
0 
1 
1 
0 
1 
0 
0 
0 
0 
0 
22 
0 
0 
0 
0 
0 
0 
0 
0 
0 
17 
0 
1 
1 
1 
1 
2 
0 
1 
3 
7 
0 
0 
0 
0 
1 
0 
0 
0 
0 
0 
0 
0 
0 
0 
0 
0 
0 
0 
1 
0 
3 
3 
3 
3 
1 
10 
0 
1 
1 
1 
1 
0 
12 
0 
1 
5 
1 
0 
0 
1 
3 
6 
1 
14 
1 
1 
1 
1 
0 
2 
0 
999 
1 
1 
1 
411 
236 
2.89989e+006 