Chara
1 
20 
20 
10 
7 
10 
15 
4 
0 
2013 
0 
28 
220 
28 
210 
11 
206 
35 
221 
28 
0 
26 
0 
33 
0 
36 
0 
25 
50 
0 
0 
0 
0 
0 
91 
0 
0 
0 
1 
0 
0 
0 
0 
2 
1 
1 
0 
0 
0 
5 
0 
0 
49 
4 
2122 
0 
1 
0 
0 
1 
1 
1 
1 
1 
1 
2 
0 
0 
0 
0 
0 
0 
3 
0 
5 
1 
-1 
0 
0 
0 
0 
0 
0 
0 
0 
1 
1 
0 
0 
51 
0 
1 
0 
-1 
1 
0 
0 
1 
0 
4 
0 
1 
0 
0 
24 
0 
24 
0 
8 
0 
2 
0 
1 
0 
0 
1 
0 
4 
2 
2 
1 
0 
3 
0 
1 
2 
0 
1 
4 
1 
0 
1 
2 
1 
1 
1 
1 
3 
1 
0 
0 
1 
1 
0 
1 
0 
0 
0 
0 
0 
0 
0 
0 
0 
0 
0 
0 
0 
0 
1 
0 
0 
1 
1 
1 
1 
0 
0 
1 
1 
0 
1 
1 
1 
1 
1 
1 
0 
0 
0 
0 
0 
1 
1 
1 
0 
0 
0 
0 
0 
0 
0 
0 
0 
0 
0 
0 
0 
0 
0 
0 
0 
0 
0 
0 
0 
0 
0 
0 
0 
0 
0 
0 
0 
0 
0 
0 
0 
0 
0 
0 
0 
0 
0 
0 
0 
0 
0 
0 
205 
0 
0 
0 
0 
0 
0 
0 
0 
0 
0 
0 
0 
0 
0 
0 
0 
0 
0 
0 
0 
0 
0 
0 
0 
0 
0 
0 
0 
0 
0 
0 
0 
0 
0 
0 
0 
0 
0 
0 
0 
0 
0 
0 
0 
0 
0 
0 
0 
0 
0 
0 
0 
0 
1 
0 
0 
0 
0 
0 
1 
0 
1 
1 
1 
3 
0 
0 
0 
1 
1 
0 
0 
0 
0 
2 
0 
0 
0 
0 
0 
0 
0 
1 
0 
0 
0 
0 
0 
0 
0 
0 
0 
0 
0 
0 
0 
0 
0 
0 
16 
26 
62 
24 
31 
28 
36 
34 
0 
0 
0 
0 
0 
0 
0 
0 
0 
0 
0 
0 
0 
0 
0 
0 
0 
0 
0 
0 
0 
0 
0 
0 
0 
0 
0 
0 
0 
0 
0 
0 
0 
0 
0 
0 
0 
0 
0 
0 
0 
0 
0 
1500 
1 
20 
2 
2 
1 
4 
7 
0 
0 
0 
0 
0 
0 
0 
0 
0 
0 
0 
2 
0 
0 
0 
0 
0 
0 
0 
0 
0 
0 
0 
0 
0 
0 
0 
1 
0 
0 
5 
0 
1 
0 
0 
0 
0 
0 
0 
5 
0 
0 
0 
0 
0 
0 
0 
0 
0 
0 
0 
0 
0 
0 
2 
1 
1 
1 
1 
0 
0 
1 
0 
0 
0 
2 
0 
1 
0 
0 
0 
0 
1 
1 
0 
0 
0 
0 
0 
0 
0 
22 
0 
0 
0 
0 
0 
0 
0 
0 
0 
17 
0 
1 
1 
1 
1 
2 
0 
1 
3 
4 
0 
0 
0 
0 
1 
0 
0 
0 
0 
0 
0 
0 
0 
0 
0 
0 
0 
0 
0 
0 
0 
0 
0 
0 
0 
0 
0 
0 
0 
0 
0 
1 
0 
0 
0 
5 
1 
0 
0 
0 
0 
0 
0 
0 
0 
0 
0 
0 
0 
0 
0 
208 
1 
1 
1 
335 
233 
2.2824e+006 