Chara
15 
76 
20 
38 
12 
13 
7 
4 
8369 
3290 
102 
61 
206 
43 
0 
43 
0 
43 
0 
43 
0 
43 
0 
43 
0 
0 
0 
49 
15 
0 
0 
0 
0 
0 
58 
0 
0 
0 
1 
0 
0 
1 
0 
1 
1 
0 
0 
0 
0 
6 
0 
0 
0 
1 
438 
0 
0 
0 
0 
1 
1 
1 
1 
4 
1 
0 
0 
0 
0 
0 
0 
0 
3 
0 
4 
1 
-1 
0 
0 
0 
0 
1 
1 
1 
1 
0 
2 
0 
0 
0 
0 
1 
0 
1 
1 
0 
1 
1 
0 
4 
0 
0 
0 
0 
0 
0 
15 
0 
0 
0 
1 
0 
0 
0 
0 
0 
0 
0 
0 
1 
10 
0 
0 
0 
0 
2 
0 
0 
0 
0 
0 
0 
2 
1 
1 
1 
1 
0 
1 
0 
0 
0 
0 
0 
0 
0 
0 
0 
0 
0 
0 
0 
0 
0 
0 
0 
0 
0 
0 
0 
0 
0 
0 
0 
0 
0 
0 
0 
0 
0 
0 
0 
0 
0 
0 
0 
0 
0 
0 
0 
0 
0 
0 
0 
0 
0 
0 
0 
0 
0 
0 
0 
0 
0 
0 
0 
0 
0 
0 
0 
0 
0 
0 
0 
0 
0 
0 
0 
0 
0 
0 
0 
0 
0 
0 
0 
0 
0 
0 
0 
0 
0 
0 
0 
0 
0 
0 
0 
0 
205 
100 
21 
16 
19 
40 
0 
0 
0 
0 
0 
0 
0 
0 
0 
0 
0 
0 
0 
0 
0 
1 
1 
1 
0 
0 
0 
0 
0 
0 
0 
0 
0 
0 
0 
0 
0 
0 
0 
0 
0 
0 
0 
0 
0 
0 
0 
0 
0 
0 
0 
1 
1 
4 
0 
1 
1 
0 
0 
0 
1 
0 
0 
0 
0 
3 
0 
0 
0 
0 
1 
0 
0 
0 
0 
2 
0 
1 
0 
0 
0 
0 
0 
0 
0 
0 
0 
0 
0 
0 
1 
1 
0 
0 
0 
0 
0 
0 
0 
0 
11 
16 
16 
16 
4 
33 
28 
60 
36 
0 
999 
0 
0 
0 
0 
0 
0 
0 
0 
0 
0 
0 
0 
0 
0 
0 
0 
0 
0 
0 
0 
0 
0 
0 
0 
0 
0 
0 
0 
0 
0 
0 
0 
0 
0 
0 
0 
0 
0 
0 
1 
0 
0 
0 
2 
1 
1 
2 
10 
0 
0 
0 
0 
0 
0 
0 
0 
1 
1 
99 
1 
0 
0 
0 
1 
1 
0 
0 
0 
0 
0 
0 
10 
0 
0 
0 
1 
0 
0 
0 
0 
0 
0 
0 
0 
0 
6 
1 
4 
1 
1 
0 
1 
0 
0 
0 
0 
0 
2 
0 
0 
0 
0 
0 
0 
0 
0 
1 
1 
0 
0 
0 
0 
0 
0 
0 
18 
0 
0 
0 
0 
0 
0 
0 
0 
2 
1 
1 
0 
0 
0 
0 
1 
0 
1 
1 
0 
0 
0 
0 
0 
0 
0 
0 
0 
0 
0 
0 
0 
0 
0 
0 
0 
0 
0 
0 
0 
0 
0 
0 
0 
0 
0 
0 
0 
0 
0 
0 
0 
0 
0 
0 
0 
0 
0 
0 
0 
0 
0 
0 
0 
0 
0 
0 
0 
0 
-1 
0 
0 
0 
0 
0 
0 
0 
0 
0 
0 
0 
0 
0 
0 
0 
185 
1 
1 
1 
300 
210 
1.6821e+006 